easy
001 11 -14 -23 -24 26 -32 -33 36 -51 -52 54 62 -65 -66 0
002 11 -13 -14 -16 22 23 35 -41 46 -51 -52 55 56 63 64 0
003 11 -14 -15 22 23 -26 32 -35 -36 -41 44 -51 -53 56 -62 64 65 0
004 13 -22 26 -35 -41 42 44 -51 -53 65 -66 0
005 -11 16 -21 -23 25 26 -33 -34 41 -46 -55 -62 64 0
006 11 12 -15 -16 22 -24 -25 -34 -36 -41 -52 54 55 -61 -62 65 66 0
007 11 13 -15 -16 -22 -35 -41 -43 45 46 -51 56 62 -64 0
008 12 -15 -23 26 -31 34 -42 45 51 53 -56 61 -64 -66 0
009 -13 -14 -21 24 26 -35 -42 44 51 -56 -63 -64 0
010 -12 -13 15 -31 34 42 -45 53 54 -61 66 0
medium
001 11 -24 -25 31 -34 -35 -62 -63 -65 0
002 -16 -25 32 34 -41 44 52 62 64 0
003 12 -14 -24 33 -36 43 44 -56 65 0
004 15 -22 -23 31 -44 -45 -54 -55 62 0
005 12 -15 34 35 -41 45 -53 62 64 0
006 13 23 24 -32 -43 -55 -62 -65 0
007 21 24 25 34 -41 -42 -54 -56 -62 -66 0
008 -11 -14 -15 23 35 36 -41 44 52 0
009 11 -31 -35 -41 -42 -45 54 -66 0
010 -12 15 -24 -26 31 -32 -41 -42 55 63 0
hard
001 -13 21 -23 -25 42 -44 -51 52 -55 61 66 0
002 11 14 15 35 41 43 44 54 -56 61 0
003 -16 -21 -26 -34 43 46 -55 61 -63 0
004 12 -13 24 -32 -35 44 -45 62 -65 0
005 13 -31 35 42 -44 -56 -61 -64 -66 0
006 -15 -25 -26 -44 51 -54 -62 0
007 -11 -14 -15 -21 -32 46 -55 62 0
008 -11 -16 -25 -32 -36 -43 -44 -46 -53 0
009 11 -13 15 21 -32 43 -44 -51 65 0
010 -13 -23 -26 34 43 46 -52 -61 -66 0